Jen = 7e-6;
Lya = 0.0015;
Rya = 8;
Cm = 1.3;
Cw = 3.15;
Lov = 0.013;
Uupr = 5;
b=0.001;